group_id,name,cust_id,display_name,lap_number,flags,incident,session_time,session_start_time,lap_time,team_fastest_lap,personal_best_lap,license_level,car_number,lap_events
-409827,Unlucky Luc Racing,885543,Alex M Johnson,0,287,True,49875909,,-1,False,False,18,96,"['invalid', 'pitted', 'off track', 'black flag', 'car reset', 'discontinuity']"
-409827,Unlucky Luc Racing,885543,Alex M Johnson,1,0,False,51058085,,1182176,False,False,18,96,[]
-409827,Unlucky Luc Racing,885543,Alex M Johnson,2,275,False,52839360,,-1,False,False,18,96,"['invalid', 'pitted', 'car reset', 'discontinuity']"
-409827,Unlucky Luc Racing,885543,Alex M Johnson,3,4,True,54019193,,1179833,False,False,18,96,['off track']
-409827,Unlucky Luc Racing,885543,Alex M Johnson,4,0,False,55202984,,1183791,False,False,18,96,[]
-409827,Unlucky Luc Racing,885543,Alex M Johnson,5,0,False,56389822,,1186838,False,False,18,96,[]
-409827,Unlucky Luc Racing,885543,Alex M Johnson,6,0,False,57575273,,1185451,False,False,18,96,[]
-409827,Unlucky Luc Racing,885543,Alex M Johnson,7,0,False,58764759,,1189486,False,False,18,96,[]
-409827,Unlucky Luc Racing,885543,Alex M Johnson,8,0,False,59963724,,1198965,False,False,18,96,[]
-409827,Unlucky Luc Racing,885543,Alex M Johnson,9,0,False,61151042,,1187318,False,False,18,96,[]
-409827,Unlucky Luc Racing,885543,Alex M Johnson,10,4,True,62346820,,1195778,False,False,18,96,['off track']
-409827,Unlucky Luc Racing,885543,Alex M Johnson,11,0,False,63531281,,1184461,False,False,18,96,[]
-409827,Unlucky Luc Racing,885543,Alex M Johnson,12,0,False,64713676,,1182395,False,False,18,96,[]
-409827,Unlucky Luc Racing,885543,Alex M Johnson,13,0,False,65896740,,1183064,False,False,18,96,[]
-409827,Unlucky Luc Racing,885543,Alex M Johnson,14,4,True,67078930,,1182190,False,False,18,96,['off track']
-409827,Unlucky Luc Racing,885543,Alex M Johnson,15,0,False,68264951,,1186021,False,False,18,96,[]
-409827,Unlucky Luc Racing,885543,Alex M Johnson,16,4,True,69446959,,1182008,False,False,18,96,['off track']
-409827,Unlucky Luc Racing,885543,Alex M Johnson,17,0,False,70627705,,1180746,False,False,18,96,[]
-409827,Unlucky Luc Racing,885543,Alex M Johnson,18,0,False,71808751,,1181046,False,False,18,96,[]
-409827,Unlucky Luc Racing,885543,Alex M Johnson,19,0,False,72988557,,1179806,False,False,18,96,[]
-409827,Unlucky Luc Racing,885543,Alex M Johnson,20,0,False,74170712,,1182155,False,False,18,96,[]
-409827,Unlucky Luc Racing,885543,Alex M Johnson,21,4,True,75357480,,1186768,False,False,18,96,['off track']
-409827,Unlucky Luc Racing,885543,Alex M Johnson,22,0,False,76537346,,1179866,False,False,18,96,[]
-409827,Unlucky Luc Racing,885543,Alex M Johnson,23,0,False,77718855,,1181509,False,False,18,96,[]
-409827,Unlucky Luc Racing,885543,Alex M Johnson,24,0,False,78897844,,1178989,False,False,18,96,[]
-409827,Unlucky Luc Racing,885543,Alex M Johnson,25,0,False,80072888,,1175044,True,True,18,96,[]
-409827,Unlucky Luc Racing,885543,Alex M Johnson,26,275,False,82888736,,-1,False,False,18,96,"['invalid', 'pitted', 'car reset', 'discontinuity']"
-409827,Unlucky Luc Racing,885543,Alex M Johnson,27,0,False,84072079,,1183343,False,False,18,96,[]
-409827,Unlucky Luc Racing,885543,Alex M Johnson,28,0,False,85261467,,1189388,False,False,18,96,[]
-409827,Unlucky Luc Racing,885543,Alex M Johnson,29,4,True,86452020,,1190553,False,False,18,96,['off track']
-409827,Unlucky Luc Racing,885543,Alex M Johnson,30,0,False,87639619,,1187599,False,False,18,96,[]
-409827,Unlucky Luc Racing,885543,Alex M Johnson,31,0,False,88829944,,1190325,False,False,18,96,[]
-409827,Unlucky Luc Racing,885543,Alex M Johnson,32,0,False,90017135,,1187191,False,False,18,96,[]
-394004,NGC by Rubis Gás (Carburação),569447,Tiago Manuel Dias,0,275,False,39269100,,-1,False,False,19,129,"['invalid', 'pitted', 'car reset', 'discontinuity']"
-394004,NGC by Rubis Gás (Carburação),569447,Tiago Manuel Dias,1,0,False,40664271,,1395171,False,False,19,129,[]
-394004,NGC by Rubis Gás (Carburação),569447,Tiago Manuel Dias,2,0,False,42056811,,1392540,False,False,19,129,[]
-394004,NGC by Rubis Gás (Carburação),569447,Tiago Manuel Dias,3,0,False,43444386,,1387575,False,False,19,129,[]
-394004,NGC by Rubis Gás (Carburação),569447,Tiago Manuel Dias,4,0,False,44829872,,1385486,False,False,19,129,[]
-394004,NGC by Rubis Gás (Carburação),569447,Tiago Manuel Dias,5,0,False,46218372,,1388500,False,False,19,129,[]
-394004,NGC by Rubis Gás (Carburação),569447,Tiago Manuel Dias,6,0,False,47607686,,1389314,False,False,19,129,[]
-394004,NGC by Rubis Gás (Carburação),569447,Tiago Manuel Dias,7,0,False,48994718,,1387032,False,False,19,129,[]
-394004,NGC by Rubis Gás (Carburação),569447,Tiago Manuel Dias,8,0,False,50382870,,1388152,False,False,19,129,[]
-394004,NGC by Rubis Gás (Carburação),569447,Tiago Manuel Dias,9,0,False,51770071,,1387201,False,False,19,129,[]
-394004,NGC by Rubis Gás (Carburação),569447,Tiago Manuel Dias,10,0,False,53160283,,1390212,False,False,19,129,[]
-394004,NGC by Rubis Gás (Carburação),569447,Tiago Manuel Dias,11,4,True,54546217,,1385934,False,False,19,129,['off track']
-394004,NGC by Rubis Gás (Carburação),569447,Tiago Manuel Dias,12,0,False,55932458,,1386241,False,False,19,129,[]
-394004,NGC by Rubis Gás (Carburação),569447,Tiago Manuel Dias,13,0,False,57316194,,1383736,False,False,19,129,[]
-394004,NGC by Rubis Gás (Carburação),569447,Tiago Manuel Dias,14,0,False,58706082,,1389888,False,False,19,129,[]
-394004,NGC by Rubis Gás (Carburação),569447,Tiago Manuel Dias,15,0,False,60090729,,1384647,False,False,19,129,[]
-394004,NGC by Rubis Gás (Carburação),569447,Tiago Manuel Dias,16,0,False,61473040,,1382311,False,False,19,129,[]
-394004,NGC by Rubis Gás (Carburação),569447,Tiago Manuel Dias,17,0,False,62858631,,1385591,False,False,19,129,[]
-394004,NGC by Rubis Gás (Carburação),569447,Tiago Manuel Dias,18,0,False,64243952,,1385321,False,False,19,129,[]
-394004,NGC by Rubis Gás (Carburação),569447,Tiago Manuel Dias,19,4,True,65626917,,1382965,False,False,19,129,['off track']
-394004,NGC by Rubis Gás (Carburação),569447,Tiago Manuel Dias,20,4,True,67008518,,1381601,False,False,19,129,['off track']
-394004,NGC by Rubis Gás (Carburação),569447,Tiago Manuel Dias,21,0,False,68388862,,1380344,True,True,19,129,[]
-394004,NGC by Rubis Gás (Carburação),569447,Tiago Manuel Dias,22,4,True,69776277,,1387415,False,False,19,129,['off track']
-394004,NGC by Rubis Gás (Carburação),569447,Tiago Manuel Dias,23,4,True,71159054,,1382777,False,False,19,129,['off track']
-394004,NGC by Rubis Gás (Carburação),569447,Tiago Manuel Dias,24,2,False,72584454,,1425400,False,False,19,129,['pitted']
-373579,Team William C Rasmussen,582830,William C Rasmussen,0,6,True,4643654,,-1,False,False,10,4,"['pitted', 'off track']"
-373579,Team William C Rasmussen,582830,William C Rasmussen,1,4,True,6057800,,1414146,False,False,10,4,['off track']
-373579,Team William C Rasmussen,582830,William C Rasmussen,2,4,True,7450708,,1392908,False,False,10,4,['off track']
-373579,Team William C Rasmussen,582830,William C Rasmussen,3,0,False,8842808,,1392100,False,False,10,4,[]
-373579,Team William C Rasmussen,582830,William C Rasmussen,4,279,True,11224255,,-1,False,False,10,4,"['invalid', 'pitted', 'off track', 'car reset', 'discontinuity']"
-373579,Team William C Rasmussen,582830,William C Rasmussen,5,4,True,12656313,,1432058,False,False,10,4,['off track']
-373579,Team William C Rasmussen,582830,William C Rasmussen,6,4,True,14047879,,1391566,False,False,10,4,['off track']
-373579,Team William C Rasmussen,582830,William C Rasmussen,7,279,True,16125713,,-1,False,False,10,4,"['invalid', 'pitted', 'off track', 'car reset', 'discontinuity']"
-373579,Team William C Rasmussen,582830,William C Rasmussen,8,4,True,17511437,,1385724,True,True,10,4,['off track']
-373579,Team William C Rasmussen,582830,William C Rasmussen,9,403,True,19978641,,-1,False,False,10,4,"['invalid', 'pitted', 'car reset', 'lost control', 'discontinuity']"
-373579,Team William C Rasmussen,582830,William C Rasmussen,10,132,True,21410167,,1431526,False,False,10,4,"['off track', 'lost control']"
-373579,Team William C Rasmussen,582830,William C Rasmussen,11,0,False,22812688,,1402521,False,False,10,4,[]
-373579,Team William C Rasmussen,582830,William C Rasmussen,12,4,True,24202508,,1389820,False,False,10,4,['off track']
-373579,Team William C Rasmussen,582830,William C Rasmussen,13,439,True,88216000,,-1,False,False,10,4,"['invalid', 'pitted', 'off track', 'car reset', 'contact', 'lost control', 'discontinuity']"
-373579,Team William C Rasmussen,582830,William C Rasmussen,14,0,False,89602829,,1386829,False,False,10,4,[]
-373579,Team William C Rasmussen,582830,William C Rasmussen,15,275,False,92589149,,-1,False,False,10,4,"['invalid', 'pitted', 'car reset', 'discontinuity']"
-373579,Team William C Rasmussen,582830,William C Rasmussen,16,4,True,93975903,,1386754,False,False,10,4,['off track']
-373579,Team William C Rasmussen,582830,William C Rasmussen,17,4,True,95364346,,1388443,False,False,10,4,['off track']
-373579,Team William C Rasmussen,582830,William C Rasmussen,18,279,True,97751172,,-1,False,False,10,4,"['invalid', 'pitted', 'off track', 'car reset', 'discontinuity']"
-373579,Team William C Rasmussen,582830,William C Rasmussen,19,0,False,99137128,,1385956,False,False,10,4,[]
-373579,Team William C Rasmussen,582830,William C Rasmussen,20,0,False,100559308,,1422180,False,False,10,4,[]
-373579,Team William C Rasmussen,582830,William C Rasmussen,21,4,True,101966232,,1406924,False,False,10,4,['off track']
-370703,Pohl Sim Racing Red,338025,Trevor Kratzer,0,6,True,9355176,,-1,False,False,15,1,"['pitted', 'off track']"
-370703,Pohl Sim Racing Red,338025,Trevor Kratzer,1,4,True,10759149,,1403973,False,False,15,1,['off track']
-370703,Pohl Sim Racing Red,338025,Trevor Kratzer,2,4,True,12163042,,1403893,False,False,15,1,['off track']
-370703,Pohl Sim Racing Red,338025,Trevor Kratzer,3,439,True,16572694,,-1,False,False,15,1,"['invalid', 'pitted', 'off track', 'car reset', 'contact', 'lost control', 'discontinuity']"
-370703,Pohl Sim Racing Red,338025,Trevor Kratzer,4,4,True,17965240,,1392546,False,False,15,1,['off track']
-370703,Pohl Sim Racing Red,338025,Trevor Kratzer,5,4,True,19362191,,1396951,False,False,15,1,['off track']
-370703,Pohl Sim Racing Red,338025,Trevor Kratzer,6,279,True,33682877,,-1,False,False,15,1,"['invalid', 'pitted', 'off track', 'car reset', 'discontinuity']"
-370703,Pohl Sim Racing Red,338025,Trevor Kratzer,7,0,False,35072482,,1389605,True,True,15,1,[]
-370703,Pohl Sim Racing Red,338025,Trevor Kratzer,8,0,False,36575423,,1502941,False,False,15,1,[]
-370703,Pohl Sim Racing Red,338025,Trevor Kratzer,9,279,True,39752750,,-1,False,False,15,1,"['invalid', 'pitted', 'off track', 'car reset', 'discontinuity']"
-370703,Pohl Sim Racing Red,338025,Trevor Kratzer,10,4,True,41147118,,1394368,False,False,15,1,['off track']
-370703,Pohl Sim Racing Red,338025,Trevor Kratzer,11,4,True,42542402,,1395284,False,False,15,1,['off track']
-370703,Pohl Sim Racing Red,338025,Trevor Kratzer,12,4,True,43936400,,1393998,False,False,15,1,['off track']
-370703,Pohl Sim Racing Red,338025,Trevor Kratzer,13,275,False,66245792,,-1,False,False,15,1,"['invalid', 'pitted', 'car reset', 'discontinuity']"
-370703,Pohl Sim Racing Red,338025,Trevor Kratzer,14,4,True,67646472,,1400680,False,False,15,1,['off track']
-370703,Pohl Sim Racing Red,338025,Trevor Kratzer,15,0,False,69041196,,1394724,False,False,15,1,[]
-370703,Pohl Sim Racing Red,338025,Trevor Kratzer,16,275,False,86968435,,-1,False,False,15,1,"['invalid', 'pitted', 'car reset', 'discontinuity']"
-370703,Pohl Sim Racing Red,338025,Trevor Kratzer,17,0,False,88360700,,1392265,False,False,15,1,[]
-370703,Pohl Sim Racing Red,338025,Trevor Kratzer,18,0,False,89754331,,1393631,False,False,15,1,[]
-370703,Pohl Sim Racing Red,338025,Trevor Kratzer,19,4,True,91877676,,2123345,False,False,15,1,['off track']
-370703,Pohl Sim Racing Red,338025,Trevor Kratzer,20,0,False,93276159,,1398483,False,False,15,1,[]
-370703,Pohl Sim Racing Red,338025,Trevor Kratzer,21,0,False,94672005,,1395846,False,False,15,1,[]
-370703,Pohl Sim Racing Red,338025,Trevor Kratzer,22,0,False,96067642,,1395637,False,False,15,1,[]
-370703,Pohl Sim Racing Red,338025,Trevor Kratzer,23,0,False,97464815,,1397173,False,False,15,1,[]
